0.
0.010050331198617774
0.020000650032919585
0.029852945806335494
0.03960912039440884
0.04927103206908517
0.058840484442919366
0.06831923018115843
0.07770897111578833
0.08701136418980979
0.0962280197583383
0.1053605038407388
0.11441033977250428
0.12337901116547018
0.13226795944840425
0.14107858864210343
0.14981226652328847
0.15847032872514027
0.16705407251369142
0.1755647620889135
0.18400363096625535
0.19237188076734074
0.20067068366770593
0.20890118309629394
0.2170644938783402
0.2251617042972062
0.23319387629945423
0.24116204611032327
0.24906722587766117
0.25691040359375206
0.26469254396295533
0.27241458999208956
0.28007746302299763
0.2876820630034178
0.295229269716608
0.30271994242983585
0.3101549213617621
0.31753502906498515
0.3248610697262145
0.3321338295579733
0.3393540778399428
0.34652256763682593
0.3536400357825503
0.36070720334783823
0.3677247762788574
0.37469344588851655
0.3816138890566137
0.38848676864083453
0.3953127339701037
0.4020924212373763
0.4088264537199921
0.4155154421468903
0.42215998511721553
0.4287606694257237
0.43531807026304326
0.44183275154882984
0.4483052663149939
0.4547361570498687
0.4611259557047819
0.467475183942782
0.4737843535382015
0.4800539667773812
0.4862845167676425
0.4924764873779384
0.4986303533820948
0.5047465807756182
0.510825627092117
0.5168679417144718
0.5228739660201006
0.528844133352016
0.5347788692316214
0.5406785916299532
0.5465437112388393
0.5523746317026355
0.5581717496194745
0.5639354546206451
0.5696661295882559
0.5753641508757591
0.5810298885265028
0.5866637063996031
0.5922659621652612
0.5978370074475603
0.6033771880092601
0.6088868439363426
0.6143663098073205
0.6198159147308948
0.6252359823941791
0.6306268312125076
0.635988774484896
0.6413221205485243
0.6466271728735977
0.6519042300873124
0.6571535860904596
0.6623755301746286
0.667570347137281
0.6727383173915459
0.6778797170180885
0.6829948178231414
0.6880838874499287
0.6931471894941666