1.
1.01599251113985
1.0322366426183012
1.048732114992147
1.065478429226027
1.082474869512895
1.0997204951039743
1.1172141356127905
1.134954384537157
1.1529395874373873
1.17116783449192
1.1896369515711365
1.208344503224876
1.2272877708630876
1.246463743506662
1.2658691223851635
1.2855003134064737
1.3053534118407828
1.3254242025755916
1.3457081492036627
1.3662003915260907
1.3868957381375875
1.407788660878397
1.428873292555267
1.4501434179898218
1.4715924767643194
1.4932135537968605
1.5149993722498072
1.5369423010228496
1.5590343510423499
1.5812671703426195
1.6036320451160422
1.6261198972350683
1.6487212863030012
1.6714264116940838
1.6942251138110802
1.7171068771286957
1.7400608319309883
1.7630757579634588
1.7861400930115958
1.8092419374574895
1.8323690575427327
1.8555088948194687
1.8786485759986322
1.9017749196239961
1.9248744451087585
1.9479333854791472
1.9709376989930694
1.993873079487918
2.016724970342611
2.0394785793063357
2.062118892522189
2.0846306900457345
2.1069985626433967
2.1292069284782094
2.151240051329531
2.1730820599310543
2.1947169661804957
2.216128684526069
2.2373010551085213
2.2582178643023343
2.2788628639776403
2.299219795520615
2.319272415574025
2.3390045160967605
2.358399945570838
2.377442638369104
2.3961166392052555
2.4144061224934297
2.432295417714752
2.449769041002198
2.4668117160632486
2.4834083937280087
2.4995442828765455
2.5152048786729586
2.530375980107641
2.545043711925952
2.5591945582803355
2.572815384036982
2.5858934502438045
2.5984164404871803
2.6103724906940657
2.6217502037740408
2.632538664946811
2.642727471060616
2.6523067511971328
2.6612671768256058
2.6695999791077547
2.677296975037703
2.684350578550529
2.6907538082643323
2.696500306496142
2.701584356051599
2.706000884758701
2.709745473595165
2.712814370349409
2.715204495236695
2.716913445766531
2.7179395031277083
2.7182816361314956