0.8408964152537146
0.8420060562705567
0.8431113025000938
0.8442121578089068
0.8453086320040157
0.8464007314201898
0.8474884650574344
0.8485718443711228
0.849650881631566
0.8507255847736392
0.8517959612039395
0.8528620196670447
0.8539237688454119
0.8549812172872904
0.8560343736268518
0.8570832465782416
0.8581278443431128
0.8591681750884956
0.860204247285034
0.8612360690718994
0.8622636482439332
0.8632869929372
0.8643061112112078
0.8653210107639439
0.8663316993321502
0.8673381845716345
0.8683404740450974
0.8693385752398621
0.8703324955856064
0.8713222424780516
0.8723078233387277
0.8732892454537665
0.8742665159036864
0.8752396416387725
0.8762086295576487
0.877173486585851
0.8781342197222117
0.8790908358556827
0.8800433417364223
0.8809917440308439
0.8819360493345821
0.8828762641853155
0.8838123950755896
0.8847444484605449
0.8856724307286732
0.8865963481811713
0.8875162070429566
0.8884320134759544
0.8893437735923823
0.8902514934679291
0.8911551791413042
0.892054836578012
0.8929504716638569
0.8938420902169358
0.8947296979999716
0.8956133007326428
0.8964929041024806
0.8973685137499711
0.8982401352488126
0.8991077741110899
0.8999714357905859
0.9008311256859519
0.9016868491438778
0.9025386114622617
0.90338641789338
0.9042302736470579
0.9050701838885716
0.9059061537042523
0.906738188134419
0.9075662921946455
0.9083904708691787
0.9092107291041265
0.9100270718006469
0.9108395038081366
0.9116480299174194
0.9124526548539352
0.9132533832771519
0.9140502198189497
0.9148431690817724
0.9156322356275113
0.9164174239770346
0.9171987386097511
0.917976183963172
0.9187497644324742
0.9195194843700629
0.9202853480851343
0.921047359845408
0.9218055238841578
0.9225598443926465
0.9233103255193793
0.9240569713727724
0.9247997860238221
0.9255387735087734
0.9262739378293054
0.9270052829452191
0.92773281278025
0.9284565312236082
0.929176442128844
0.9298925493127139
0.9306048565540463