2.
2.031727929413476
2.063423912201115
2.0950560343645686
2.12659244274024
2.158001382811412
2.189251229151702
2.220310516339256
2.2511479749380756
2.2817325533699964
2.3120334353006973
2.3420201116227015
2.371662416727635
2.400930490999975
2.4297948630222774
2.4582264689216062
2.486196679213774
2.513677331329485
2.5406407530693595
2.5670597961769688
2.5929078574272477
2.618158910962301
2.642787529797439
2.666768910089887
2.6900789106320104
2.712694065785877
2.73459160049421
2.7557494650662773
2.7761463539186124
2.7957617282033285
2.814575838351412
2.8325697404547916
2.849725315020982
2.8660252874719747
2.8814532453449626
2.895993654353332
2.9096318741414056
2.9223541717521746
2.9341477357960475
2.945000692121092
2.954902113871207
2.9638420302444457
2.9718114387738845
2.978802315704912
2.9848076222216267
2.9898213106469393
2.99383833241513
2.9968546435307832
2.9988672069656896
2.9998739954943594
2.9998739954425497
2.998867207267298
2.9968546447315627
2.993838334347395
2.9898213137875636
2.9848076271931223
2.978802321856137
2.971811444991814
2.9638420369039755
2.954902121950258
2.945000700986008
2.9341477436934467
2.9223541791434746
2.909631882684427
2.8959936638267085
2.8814532544845166
2.8660252962975123
2.849725324350463
2.832569751128649
2.814575850359734
2.7957617405407404
2.7761463664251558
2.755749478953011
2.7345916155306305
2.7126940802123123
2.690078922522079
2.6667689141315893
2.642787525893532
2.618158904728572
2.592907849983304
2.5670597876127776
2.5406407441767302
2.513677321010845
2.48619666834679
2.4582264579565574
2.429794853427683
2.400930481878871
2.371662406118729
2.342020096776317
2.312033402704113
2.281732518463122
2.251147953873372
2.2203105039937188
2.1892512190749494
2.158001373582017
2.1265924334804276
2.095056026402314
2.0634239069240943
2.0317279257906713
1.9999999966312598
